[Debug]
Pos=60,60
Size=400,400
Collapsed=0
FontGlobalScale=1.000000

[Settings]
Pos=366,528
Size=448,285
Collapsed=0
FontGlobalScale=1.000000

