[Debug]
Pos=60,60
Size=400,400
Collapsed=0
FontGlobalScale=1.000000

[Settings]
Pos=557,664
Size=448,285
Collapsed=0
FontGlobalScale=1.000000

