[Debug]
Pos=60,60
Size=400,400
Collapsed=0
FontGlobalScale=1.000000

[Settings]
Pos=60,60
Size=148,192
Collapsed=0
FontGlobalScale=1.000000

