[Debug]
Pos=60,60
Size=400,400
Collapsed=0
FontGlobalScale=1.000000

[Settings]
Pos=1396,25
Size=305,565
Collapsed=0
FontGlobalScale=1.000000

